6717
48.1
39.0
40.8
39.5
34.6
48.4
50.0
52.7
58.6
66.2
69.2
69.1
57.7
55.6
54.3
57.4
64.2
55.5
50.5
53.9
55.1
59.2
44.5
45.3
51.7
60.5
63.4
61.2
48.8
45.3
48.8
55.0
61.4
62.8
56.7
57.6
52.5
55.9
45.0
51.1
58.9
56.5
37.8
40.1
40.8
59.1
56.4
49.6
52.8
61.1
63.4
65.7
58.9
65.6
63.3
55.7
61.9
67.1
60.2
42.2
38.2
38.0
43.8
59.9
61.4
56.4
41.8
47.3
50.3
57.9
66.3
65.9
62.7
60.7
61.1
63.5
66.3
68.0
69.1
70.9
74.0
76.9
73.1
71.2
72.5
63.9
59.8
51.8
56.8
57.9
61.2
60.5
63.3
63.7
61.5
61.8
66.0
70.9
72.1
73.6
59.8
62.2
69.1
68.0
72.2
73.7
75.2
68.9
72.7
69.8
67.4
74.1
56.9
57.4
60.9
65.6
67.2
67.7
74.3
75.0
74.6
64.0
68.6
76.7
75.6
77.0
77.0
72.1
74.1
78.1
70.9
72.6
80.8
82.6
82.4
79.8
79.4
76.3
69.8
70.7
72.3
73.5
76.6
77.5
77.0
76.5
76.8
80.4
76.8
71.6
72.3
76.4
80.1
80.7
79.3
79.0
81.1
82.5
83.3
84.0
83.4
75.6
73.5
72.8
73.7
74.1
75.7
77.0
77.3
78.2
78.9
80.5
80.9
80.2
81.8
84.1
82.4
81.6
83.1
75.2
77.1
80.2
80.3
82.1
81.7
81.3
80.1
81.7
84.3
83.9
84.4
84.8
86.4
84.9
83.3
81.8
83.5
84.3
85.8
86.6
86.5
85.5
86.7
86.4
85.2
85.7
87.4
87.4
86.2
85.3
80.5
79.6
80.2
77.4
81.5
84.1
85.6
83.7
82.7
82.3
81.9
83.1
83.8
81.0
80.8
81.0
81.1
82.3
82.8
83.0
83.7
86.3
86.0
87.2
84.2
82.8
84.9
85.4
84.6
81.5
82.8
76.7
79.0
79.1
86.5
86.9
85.0
82.8
82.3
82.8
80.4
78.9
77.6
78.3
79.4
80.2
79.8
78.3
81.6
83.9
76.3
84.1
75.8
72.7
56.2
61.5
68.4
73.0
73.8
75.9
79.6
77.4
77.8
80.6
78.7
70.0
71.0
72.9
69.6
66.9
66.5
70.7
70.6
75.2
75.5
76.0
71.5
67.1
68.1
69.2
70.1
73.7
71.2
62.9
68.9
72.5
64.4
68.2
74.7
78.8
69.7
63.9
58.8
63.6
69.1
70.1
50.2
46.9
46.8
52.7
75.2
62.2
58.3
72.7
57.9
49.2
60.7
61.0
58.4
61.4
57.3
58.9
63.8
62.6
62.4
63.4
63.0
57.2
54.4
62.0
66.3
50.9
43.1
51.4
57.9
69.8
71.8
64.1
66.7
61.6
57.3
52.7
42.0
34.0
47.8
61.3
68.2
70.5
71.7
62.2
62.2
58.2
47.2
40.3
38.6
44.0
41.7
39.0
49.8
47.6
50.3
47.1
41.6
50.5
58.9
56.2
42.2
39.1
46.2
49.8
38.3
31.2
34.1
46.9
51.5
58.9
54.8
58.4
60.3
60.0
58.6
67.2
49.3
34.5
42.1
54.5
58.4
69.8
49.6
48.8
61.5
42.4
43.8
58.5
63.6
34.3
26.8
28.6
27.9
26.7
33.9
53.5
60.1
65.1
62.8
68.1
61.9
53.7
54.3
63.7
65.3
49.6
47.5
59.3
68.5
69.8
74.0
76.6
74.6
65.9
70.3
70.9
72.7
53.3
38.9
40.5
46.1
54.0
60.0
69.3
70.2
40.9
37.3
36.7
43.0
47.7
55.4
64.5
69.8
68.2
65.8
63.3
61.9
56.1
53.4
53.8
62.7
65.1
68.4
56.7
43.6
43.0
46.9
56.1
69.7
63.4
60.6
61.0
64.1
69.5
52.7
51.4
70.3
74.7
67.2
83.5
77.9
71.6
59.7
68.1
74.5
75.6
68.7
75.6
73.7
72.1
71.8
76.6
75.3
73.6
74.4
73.8
75.5
77.5
72.7
76.6
74.3
77.8
82.1
79.2
77.9
83.4
78.7
79.1
80.8
79.0
81.1
77.8
86.1
86.0
82.8
81.8
80.7
77.5
75.7
74.3
78.4
73.6
80.4
76.0
77.4
79.1
85.3
81.4
85.0
85.0
93.2
88.5
84.4
81.8
78.3
77.0
82.2
79.2
78.0
81.6
83.1
81.6
83.3
87.5
84.6
87.1
87.1
85.7
86.0
87.2
87.5
86.5
85.5
82.5
85.3
86.5
86.9
84.3
84.6
85.7
86.1
86.7
86.8
86.5
87.2
88.1
88.0
84.0
81.8
82.5
85.5
85.1
86.2
86.7
87.6
88.0
87.7
87.1
87.4
87.0
86.8
84.2
84.1
86.2
81.2
83.1
85.2
82.5
81.3
83.4
85.1
83.7
79.1
79.5
84.5
77.9
76.4
74.7
75.2
74.1
76.8
79.4
78.0
74.0
76.5
75.5
78.9
81.6
77.3
80.5
79.9
79.1
79.0
80.3
80.1
80.6
79.7
79.2
76.2
79.4
81.6
80.2
80.4
76.7
77.5
75.6
75.6
79.0
79.9
75.1
78.0
65.6
61.1
65.3
66.4
66.3
72.2
73.0
69.7
68.5
71.3
72.1
70.7
67.4
72.6
69.4
68.8
68.8
68.7
72.3
74.5
76.8
65.5
61.1
72.4
78.3
59.4
56.6
57.2
62.4
73.0
78.1
74.6
74.0
68.8
74.2
64.9
53.0
56.4
58.9
67.2
75.3
66.8
57.4
54.9
58.2
62.2
65.9
66.3
65.2
65.4
69.5
65.4
57.4
62.4
69.0
68.2
56.3
63.5
56.1
39.6
43.3
41.5
44.8
50.6
58.0
50.3
49.1
53.7
51.5
58.0
64.5
60.4
55.6
56.3
63.6
68.3
66.1
62.5
64.2
54.4
40.1
39.8
31.5
30.9
34.8
50.2
63.4
70.5
47.1
40.4
51.4
52.2
59.2
64.4
59.8
64.0
64.9
63.6
67.8
72.0
61.4
45.8
33.9
34.5
38.0
45.4
32.8
28.2
25.0
27.9
40.5
47.0
34.7
40.5
47.6
53.5
59.3
61.3
60.4
62.4
56.2
58.4
66.9
37.0
39.2
46.3
54.4
62.3
67.8
68.4
63.4
52.2
50.3
45.3
42.6
39.8
45.9
44.3
48.3
43.5
44.2
45.9
51.5
53.9
59.3
65.0
68.7
58.6
49.9
53.8
50.4
45.9
49.0
51.0
55.3
71.9
60.8
55.0
61.8
65.8
53.4
56.3
63.2
68.2
66.2
62.0
64.5
68.4
61.0
46.3
51.4
59.6
69.0
59.0
60.4
66.7
69.3
69.4
69.5
65.5
56.8
61.6
70.5
70.5
66.4
59.9
57.7
63.6
64.7
69.7
62.4
65.0
61.5
64.2
61.5
62.6
63.5
46.2
48.6
55.0
56.7
60.7
65.2
62.6
63.9
69.5
74.8
73.2
68.5
65.7
63.3
55.4
55.5
60.7
66.6
73.5
71.9
77.2
71.0
67.1
68.6
69.2
70.6
72.6
67.0
64.0
66.0
66.9
64.5
71.4
74.9
70.2
71.1
75.0
76.2
69.7
68.8
69.8
71.2
72.4
74.8
79.4
79.0
72.7
74.7
76.1
76.8
73.9
75.6
78.5
80.3
78.2
74.7
71.5
74.0
76.3
74.6
77.0
80.9
80.2
82.1
80.1
81.0
81.6
80.3
80.5
81.6
74.8
74.0
78.6
77.8
78.2
79.9
80.5
80.2
81.0
81.5
81.8
81.6
82.4
81.9
82.8
82.2
80.6
81.1
83.3
82.2
82.3
82.3
82.6
82.5
84.3
82.5
84.8
84.0
83.4
82.4
82.3
83.8
84.5
85.5
84.4
84.7
84.8
85.9
85.4
85.3
77.4
84.3
83.5
82.6
83.3
86.0
85.0
83.0
70.6
77.8
82.9
82.8
83.1
84.1
82.9
83.4
84.5
85.3
84.0
82.4
84.5
85.5
85.5
82.7
79.3
79.4
79.0
80.0
81.5
82.3
81.3
82.3
82.7
84.1
84.5
78.1
78.9
78.0
80.2
82.9
83.6
80.6
81.0
80.6
80.7
82.2
82.7
82.7
83.5
83.2
81.9
82.4
81.3
76.4
78.7
75.8
72.5
72.5
74.5
75.8
78.2
77.6
79.7
80.5
77.4
76.8
76.2
74.7
72.6
74.6
74.4
72.8
72.1
75.1
68.8
62.6
63.3
64.7
64.2
65.7
69.0
68.3
68.7
60.6
66.6
74.2
74.5
58.3
52.6
52.2
62.1
68.6
75.4
73.1
63.9
60.4
60.8
71.0
61.5
52.3
54.6
60.3
51.9
44.4
47.3
50.4
54.7
42.0
40.7
42.3
46.4
45.6
51.5
58.0
55.1
55.1
55.5
64.6
70.7
69.1
68.0
60.6
56.9
52.5
51.7
55.6
48.6
48.0
43.7
47.7
58.7
61.3
53.2
42.1
39.6
37.6
46.1
49.2
54.1
55.0
51.9
58.2
64.4
54.1
52.4
53.7
50.3
46.7
43.8
41.5
43.8
48.0
52.2
51.0
51.0
63.5
65.7
67.6
69.2
65.6
49.5
47.4
50.1
54.0
50.1
62.3
53.4
47.2
49.7
51.7
54.5
59.3
53.7
53.2
66.4
49.7
45.0
48.8
49.4
59.1
54.8
55.3
60.4
61.2
59.1
57.8
57.0
55.2
51.6
51.2
48.3
45.8
54.8
57.4
62.4
54.6
55.1
51.0
51.0
51.4
53.4
52.7
52.0
56.0
54.1
52.1
53.6
58.3
61.5
67.6
62.2
57.6
57.1
52.3
52.1
51.5
60.1
70.6
56.8
54.2
50.2
45.1
42.5
44.7
43.5
45.9
57.1
62.7
63.8
60.7
63.6
65.1
51.4
53.6
57.0
63.4
67.0
69.3
69.9
70.1
72.0
72.8
75.7
65.3
63.1
63.0
69.5
62.6
60.8
64.5
73.2
72.0
67.5
65.6
65.7
68.2
71.8
74.1
72.8
73.3
64.1
63.9
64.2
66.1
64.3
64.0
67.2
70.7
69.8
70.0
68.8
63.8
63.9
68.6
74.6
72.0
73.7
73.5
75.5
78.0
81.6
80.0
81.4
78.9
76.8
76.5
76.0
78.7
81.3
78.0
77.7
77.2
78.9
80.0
79.8
80.4
78.5
80.6
79.6
80.7
79.6
82.0
82.0
83.4
84.3
84.4
84.8
86.0
85.5
81.5
72.2
74.2
83.2
83.8
85.4
81.8
86.0
86.1
89.3
89.1
86.5
86.2
87.5
88.1
88.2
86.8
86.8
86.3
86.3
85.5
87.0
88.2
87.1
81.5
83.9
86.7
86.2
82.8
79.1
84.3
85.6
87.4
86.6
86.6
87.7
87.7
88.6
90.0
85.3
83.9
88.2
90.2
88.2
88.1
87.3
87.3
86.8
87.0
88.0
88.2
88.1
88.0
87.9
87.3
87.9
86.8
89.0
89.8
91.5
89.4
84.2
79.3
79.5
83.5
85.8
87.2
88.0
87.1
86.5
83.3
79.9
83.6
80.3
80.9
82.6
87.2
85.8
77.0
78.5
81.1
83.9
84.8
85.4
87.1
89.1
83.9
83.5
85.7
87.2
89.5
88.5
83.8
84.0
83.6
84.4
85.4
80.1
73.1
73.9
76.3
77.2
77.8
75.8
77.9
81.3
82.5
82.8
82.0
82.7
83.4
82.2
81.0
81.0
82.0
85.4
84.5
83.2
81.5
79.9
82.0
83.2
83.5
67.8
67.3
68.9
67.9
67.2
69.3
75.7
75.1
72.5
72.2
76.1
75.8
69.0
61.9
63.9
60.4
64.7
59.4
59.6
66.6
71.7
70.9
70.7
74.7
74.3
74.2
71.4
62.4
64.7
61.0
51.0
47.7
52.6
56.7
64.3
69.2
55.6
55.7
53.9
57.0
61.0
59.0
63.0
67.1
70.4
61.9
57.8
57.9
64.2
65.1
71.1
68.1
68.6
68.9
72.7
74.0
65.4
67.6
69.4
73.0
73.1
71.9
62.2
49.0
48.5
48.0
44.6
46.1
51.4
55.3
51.9
52.4
53.6
49.7
54.1
52.1
66.1
33.1
28.5
37.6
50.1
53.8
53.8
56.7
54.5
38.2
34.7
37.7
53.2
57.8
67.3
39.2
49.5
60.9
59.8
46.0
46.8
54.3
64.7
61.5
58.8
63.9
70.3
64.2
52.0
55.3
59.3
63.0
65.9
67.7
66.6
49.4
52.2
55.5
60.9
58.6
63.2
65.8
70.8
71.2
68.5
71.9
71.0
68.5
49.1
51.3
51.4
56.2
60.9
59.3
60.8
59.4
59.3
52.7
49.2
58.4
58.5
63.5
68.8
72.0
64.0
64.2
72.4
60.9
54.7
68.6
67.4
58.5
65.5
63.7
64.0
70.2
67.3
52.0
47.8
53.3
57.1
64.2
68.0
61.8
59.7
59.7
61.6
67.3
63.7
61.5
59.5
60.3
63.4
61.6
58.0
60.9
65.3
71.3
74.0
65.3
73.2
68.1
72.5
76.1
76.7
77.3
74.0
73.2
73.5
73.4
64.0
57.4
58.3
61.6
70.2
72.9
71.8
75.5
78.4
77.6
75.3
71.9
73.3
74.7
75.3
74.8
70.1
69.4
73.7
79.0
81.3
73.7
71.8
74.4
79.0
70.3
69.5
73.7
72.3
76.3
80.1
79.7
79.8
71.6
71.8
76.3
76.9
78.6
79.3
80.1
76.8
77.5
73.1
72.8
73.1
78.9
80.3
81.6
81.5
80.4
81.0
82.7
81.2
79.9
79.3
77.8
80.1
82.2
82.3
78.9
77.0
78.7
76.9
77.9
78.4
79.3
75.0
74.3
75.8
81.2
81.5
80.2
80.9
84.3
84.5
83.0
82.5
82.6
83.7
82.7
79.3
78.5
81.1
79.6
83.0
81.9
81.3
76.7
77.7
78.3
80.8
81.1
80.6
79.3
77.8
77.1
78.5
77.2
80.2
81.4
81.3
79.8
82.5
82.9
84.2
82.8
84.6
85.7
84.5
84.8
84.1
84.7
85.7
86.1
86.1
85.4
86.7
86.9
86.6
87.5
87.3
86.6
90.0
87.6
83.3
84.0
86.2
87.8
89.3
85.1
83.9
82.9
85.4
85.7
87.0
86.3
86.2
82.9
84.0
82.2
82.9
84.1
84.6
84.3
82.1
80.6
84.0
84.4
82.4
83.7
83.0
82.5
77.9
81.6
74.7
75.3
77.3
78.6
81.0
77.7
71.2
65.0
69.9
78.1
80.4
81.0
81.0
71.1
65.7
65.0
70.8
79.3
76.0
72.9
70.3
65.6
73.9
75.3
74.3
74.4
73.2
73.5
73.9
77.8
77.0
66.8
52.8
55.0
55.3
57.6
61.2
64.0
59.2
59.5
63.0
62.0
67.8
71.3
67.6
55.9
62.9
61.5
47.9
58.1
65.5
65.6
62.2
59.5
60.3
63.9
63.6
62.2
63.2
59.4
61.9
62.0
61.2
64.2
72.2
61.8
65.1
73.0
68.8
53.5
49.7
45.7
52.8
57.2
57.5
58.3
52.3
67.1
71.0
69.9
53.3
39.1
44.4
65.8
66.6
50.9
53.5
59.4
48.6
46.0
48.5
42.7
46.4
51.4
43.0
48.5
39.7
40.0
46.0
50.2
50.2
54.0
59.9
54.0
54.9
58.9
57.2
49.8
69.5
66.1
50.0
28.2
46.1
53.8
53.3
54.7
57.2
52.5
67.7
61.7
58.2
55.6
62.7
62.0
65.7
65.6
61.0
45.6
63.2
59.6
51.8
45.6
46.2
41.4
35.5
33.4
33.2
45.6
49.8
48.0
50.9
53.5
44.9
42.9
61.6
54.3
57.1
66.9
63.5
56.0
68.9
60.1
63.4
71.4
73.0
73.3
54.4
54.1
60.1
66.9
66.7
69.8
72.2
67.0
53.3
52.9
68.4
66.6
72.2
66.2
52.9
54.3
69.3
73.1
70.2
68.1
74.0
57.3
47.1
53.2
61.8
60.8
62.0
47.0
53.5
60.7
54.1
65.6
71.5
70.9
72.9
73.7
74.5
71.8
67.9
75.6
64.7
61.4
65.4
59.8
59.7
53.9
56.6
67.4
71.3
65.5
52.6
65.4
71.3
65.7
63.0
59.9
66.9
73.5
72.4
72.4
76.8
76.2
63.5
65.1
78.4
76.0
69.6
71.5
73.8
77.0
72.0
77.0
69.2
66.4
67.9
75.8
74.7
78.7
78.2
77.9
78.0
78.1
80.4
81.4
74.4
70.2
70.5
79.4
79.0
79.9
77.8
67.4
73.2
78.6
75.2
82.3
83.2
82.8
82.7
76.9
79.3
81.5
80.9
81.0
79.5
81.0
78.1
76.6
75.4
73.6
72.6
74.7
76.0
78.0
78.2
78.8
80.8
80.7
81.7
82.4
81.5
79.8
83.0
84.0
82.0
83.7
82.3
83.7
82.8
83.7
82.5
82.5
82.9
84.9
84.4
84.7
83.3
82.8
82.8
84.9
85.3
83.6
85.9
85.8
86.8
86.9
91.3
87.8
90.6
85.4
85.9
87.1
84.2
87.2
86.4
84.1
80.5
82.7
86.5
86.0
85.1
85.2
83.0
81.1
80.0
85.7
86.5
85.2
85.5
87.6
86.7
84.8
82.9
85.2
85.2
88.4
88.9
84.4
82.2
82.8
87.3
87.4
84.6
84.5
86.1
78.5
80.7
84.4
84.6
85.0
85.7
86.2
86.0
86.7
89.1
89.8
90.7
87.8
92.1
92.9
88.5
82.4
81.8
84.1
84.2
86.6
86.5
79.5
80.0
81.0
81.4
70.6
70.1
75.5
82.4
81.0
82.5
87.2
84.1
62.8
59.7
63.6
65.0
66.0
66.9
69.8
76.0
81.1
81.2
82.1
73.5
57.3
46.9
46.7
49.7
58.5
68.0
71.0
70.6
73.8
74.2
69.7
68.5
69.7
68.2
70.7
71.4
72.8
72.9
73.4
72.2
72.8
73.8
75.1
75.4
74.5
74.3
71.6
67.3
66.3
68.6
65.5
54.6
46.5
46.1
48.6
55.3
60.9
46.1
41.8
45.2
58.2
48.1
43.7
44.7
44.1
44.8
49.7
61.9
57.6
51.2
51.7
50.7
60.7
63.7
54.0
58.6
46.6
40.3
42.3
49.3
52.0
42.8
47.5
47.2
57.6
63.8
30.7
33.7
41.4
47.9
55.1
38.8
45.9
44.1
43.7
44.2
37.6
48.2
48.0
42.6
40.7
36.3
40.8
39.5
36.3
37.5
35.0
32.2
36.4
44.7
47.7
47.8
57.2
48.8
42.4
47.6
47.2
45.9
46.9
46.6
45.0
49.3
43.7
38.9
41.9
36.4
38.9
39.1
40.4
50.4
49.8
56.6
57.6
61.5
57.9
54.3
48.3
47.2
44.6
41.5
49.1
48.2
57.7
61.5
68.3
62.6
38.3
45.2
47.4
59.3
68.6
69.9
53.9
41.6
41.1
50.8
62.5
68.4
53.2
56.4
70.7
59.1
61.3
66.7
51.8
40.6
48.9
50.4
51.3
48.0
50.1
53.0
59.4
53.8
51.2
63.1
66.3
55.9
59.6
58.8
52.3
48.7
46.2
48.4
49.5
53.1
58.8
62.5
62.3
51.4
51.2
49.3
45.5
52.4
51.8
55.7
62.0
69.2
73.4
73.2
74.8
74.3
72.5
75.2
75.3
75.6
71.2
64.4
70.8
75.5
76.5
74.7
62.6
56.7
61.3
73.1
74.0
75.1
71.1
64.6
59.9
62.1
62.5
64.0
64.6
69.8
72.9
75.4
76.6
75.9
70.2
74.8
71.3
73.1
70.6
71.8
74.0
72.7
70.3
73.4
72.9
76.9
79.4
78.5
76.4
78.8
75.2
66.3
70.4
74.3
74.7
74.7
78.1
81.0
80.5
81.8
78.8
80.0
82.6
83.4
82.9
79.3
77.4
78.8
76.7
79.5
78.6
80.0
82.8
85.4
85.2
78.9
79.6
82.5
79.0
76.8
79.7
81.6
79.7
79.8
79.1
79.6
80.2
81.7
82.0
82.4
82.3
78.7
77.6
75.8
78.1
81.6
84.5
83.4
81.9
84.2
84.6
84.1
84.9
86.0
85.8
87.2
86.6
86.3
85.3
86.2
86.5
85.8
86.2
86.5
87.0
85.7
85.5
85.9
86.9
86.7
87.5
85.9
86.7
86.3
84.2
84.4
87.4
86.7
85.2
84.8
85.9
85.9
87.7
87.0
86.1
82.2
82.6
85.5
83.2
85.8
83.1
81.7
84.7
83.9
84.2
82.1
84.8
84.5
72.8
72.8
71.6
72.0
72.3
74.8
77.3
80.3
74.0
74.5
76.9
82.9
83.2
78.3
76.1
76.1
74.5
75.7
79.7
78.8
77.8
77.2
78.9
82.1
82.3
79.2
74.3
73.0
72.1
66.2
61.6
61.5
63.6
64.8
64.0
64.8
63.8
67.7
75.0
73.8
61.2
57.7
66.6
75.6
77.7
73.9
66.8
66.2
61.9
62.9
60.6
51.8
59.1
64.3
65.1
65.4
73.0
77.6
79.0
64.5
57.7
61.3
56.3
57.1
54.3
57.5
70.7
73.8
67.8
65.4
65.5
58.5
59.8
64.5
62.3
59.9
65.9
67.1
66.4
68.0
66.7
64.1
65.4
67.4
61.4
50.9
44.9
57.6
66.6
66.3
53.7
68.2
56.3
37.8
36.9
45.5
51.8
59.4
60.0
67.3
72.0
69.1
68.0
57.3
48.0
43.0
47.6
60.4
52.8
45.7
52.1
65.6
57.2
47.7
52.7
42.2
44.3
61.7
50.7
39.8
45.0
43.6
41.9
51.5
44.9
40.3
39.5
37.6
36.5
32.0
32.8
49.4
49.1
45.5
43.8
55.5
61.7
55.5
50.5
45.3
50.4
44.5
53.8
58.3
49.3
52.9
43.2
49.9
56.9
69.6
59.8
48.8
43.1
50.7
61.3
72.6
71.3
64.0
44.7
39.9
47.8
51.0
45.2
42.7
41.6
44.3
54.4
48.5
44.4
42.5
47.5
48.0
55.1
49.9
48.0
56.2
69.8
61.6
59.9
56.2
50.5
53.9
64.6
41.5
33.2
39.1
50.0
47.1
33.7
35.6
41.1
58.1
66.1
66.7
63.9
47.8
52.7
61.7
58.6
69.8
71.6
57.3
62.0
67.8
71.3
62.4
57.2
47.2
48.6
65.9
63.4
52.5
51.4
63.8
72.1
74.3
64.6
60.8
69.7
62.7
57.6
59.4
60.8
64.7
67.7
67.5
63.7
68.8
70.6
71.7
71.1
74.2
76.6
77.1
76.8
76.1
76.9
76.2
75.3
76.6
77.9
75.4
75.9
78.8
80.5
80.8
80.1
81.6
79.5
71.9
73.0
81.2
80.8
81.2
80.6
81.5
81.2
81.8
81.6
71.3
67.1
69.2
79.5
78.8
70.2
63.9
64.0
69.0
72.2
77.3
75.5
78.0
79.3
78.3
76.3
75.8
77.3
77.8
77.2
77.8
80.5
83.3
82.6
84.0
80.9
80.2
82.9
84.8
84.9
85.1
82.7
83.9
82.1
79.2
77.7
83.1
79.7
81.1
81.6
81.4
77.5
78.8
76.6
75.3
74.5
73.6
79.2
82.2
80.5
79.9
82.2
84.1
80.4
77.5
81.6
83.1
81.2
76.4
75.5
76.3
76.1
80.5
81.8
80.6
83.5
82.3
82.8
82.3
84.1
82.9
84.0
84.7
84.7
84.7
83.9
82.6
83.2
83.0
80.9
81.4
81.1
84.9
80.9
81.4
81.1
79.9
82.8
83.9
82.0
81.4
81.9
84.9
84.4
85.0
84.6
84.7
83.3
83.6
84.6
84.5
86.9
85.9
83.8
84.4
80.0
82.4
82.3
84.0
84.1
83.6
82.5
82.2
77.7
77.5
78.2
80.1
80.5
78.5
78.9
79.3
75.4
72.9
75.4
80.8
78.7
72.9
70.9
71.6
75.3
72.6
76.2
77.9
73.7
74.9
74.8
74.8
79.1
81.2
80.1
80.3
81.2
79.6
78.4
73.4
72.7
69.5
67.6
72.2
67.3
59.7
61.1
57.9
59.5
67.2
69.4
66.4
63.2
66.3
67.3
66.2
61.1
56.9
62.4
66.3
63.4
61.4
57.4
56.8
54.7
54.8
52.6
54.7
56.1
50.6
54.5
66.7
69.6
62.3
56.2
50.8
55.8
59.0
54.9
52.0
57.9
57.4
52.8
58.5
56.7
50.3
55.8
55.9
44.2
43.7
45.2
46.6
56.6
47.1
52.2
64.0
51.5
40.9
39.6
41.4
54.3
48.6
47.3
44.0
51.7
51.1
45.3
50.1
60.5
63.4
67.8
61.6
48.8
50.3
47.6
62.9
45.2
39.0
40.9
45.8
45.9
49.8
67.3
55.3
47.5
49.6
44.8
49.4
48.7
50.9
47.5
51.8
62.3
52.6
42.6
39.2
40.8
47.2
41.5
49.4
37.4
35.4
42.1
59.3
64.1
50.8
39.1
32.9
40.9
41.4
44.0
57.6
59.4
49.7
49.9
51.2
59.1
66.7
47.7
46.1
46.3
40.3
36.5
46.5
52.1
48.3
58.7
65.3
68.2
64.5
44.7
42.5
54.0
62.5
51.4
52.0
55.4
55.6
40.4
27.7
31.1
39.2
44.4
50.8
49.9
49.2
52.0
46.9
55.0
57.2
58.1
57.3
60.4
67.4
70.8
66.0
63.4
66.1
64.7
61.5
62.5
60.3
55.2
53.7
54.8
61.2
66.5
63.9
60.3
61.8
52.3
46.5
56.2
61.2
63.9
70.0
71.4
72.4
74.1
71.5
62.8
54.2
54.1
61.6
62.6
69.4
69.8
71.4
74.0
70.1
72.6
71.9
70.0
67.9
63.1
70.4
78.7
72.1
68.7
72.4
73.4
71.7
74.7
79.5
79.1
76.5
79.0
80.8
79.4
80.1
82.9
81.3
82.7
77.6
70.7
74.9
81.1
82.5
83.8
81.2
75.4
81.6
78.1
69.3
71.0
77.9
79.7
79.0
76.7
74.9
73.8
74.6
83.8
84.4
81.7
83.2
78.5
79.9
76.8
75.0
74.1
76.1
78.7
81.0
83.5
84.2
83.1
75.2
77.4
77.2
79.0
79.3
79.6
80.7
81.2
83.5
85.8
85.0
86.1
83.6
80.9
81.8
82.5
81.6
82.5
81.1
80.1
76.5
76.4
80.8
78.3
76.3
78.2
81.7
83.2
82.5
81.4
83.3
81.1
80.2
80.0
82.3
82.2
81.4
82.6
84.3
81.3
81.4
81.4
83.2
81.3
79.4
81.8
84.5
85.5
84.1
86.1
85.3
84.7
84.5
84.7
89.6
88.1
84.1
86.0
82.5
76.9
77.9
73.3
80.4
85.5
83.1
84.8
83.9
84.4
83.7
81.5
81.1
80.1
84.3
83.9
84.7
84.6
86.4
84.8
81.1
77.1
78.4
81.1
81.6
82.6
78.1
75.7
77.0
78.3
83.8
83.5
74.1
74.6
75.1
73.2
75.8
75.7
76.6
72.0
71.5
71.3
72.1
71.5
75.3
75.8
72.2
74.4
76.5
67.5
65.0
67.0
65.4
64.4
67.2
74.2
73.6
73.3
75.4
76.3
72.2
71.8
73.2
74.7
74.3
61.2
67.2
73.8
62.8
63.2
64.7
65.8
69.6
72.1
68.8
71.9
60.5
58.4
58.7
62.8
70.7
79.2
76.2
74.0
75.0
74.0
75.1
61.7
51.2
50.9
54.8
60.6
70.4
73.2
65.4
62.9
70.4
71.8
72.2
67.1
59.4
54.7
61.3
69.0
66.9
43.6
41.5
57.7
58.9
51.4
42.3
48.9
59.6
63.5
63.0
52.6
46.6
43.0
40.5
59.2
67.4
50.3
41.5
55.5
49.4
42.9
56.2
54.5
44.1
47.4
44.9
42.4
53.2
65.3
57.6
42.7
45.6
61.7
68.6
59.7
49.9
41.3
48.7
67.2
69.0
70.8
69.9
45.6
35.8
39.8
49.3
51.9
45.1
40.8
45.9
59.4
58.8
60.2
64.1
65.6
50.9
43.7
39.2
47.4
52.3
56.9
58.8
60.9
56.6
39.6
39.1
50.9
51.5
44.4
54.2
51.4
40.9
49.5
49.4
49.5
40.0
44.1
54.9
49.9
46.5
44.1
36.0
37.3
40.2
45.7
53.7
50.5
59.2
62.1
58.1
53.2
61.5
60.0
47.4
44.9
45.9
53.9
60.4
57.3
58.1
69.4
69.3
61.1
62.7
62.5
60.1
60.7
56.7
62.7
58.4
57.5
64.1
63.7
64.7
66.7
69.6
71.5
71.4
66.7
61.7
61.8
67.1
70.5
71.4
72.0
71.3
66.6
60.5
63.9
67.5
66.4
66.2
64.9
66.1
65.8
67.4
66.3
66.7
69.0
52.5
54.6
52.7
54.5
59.2
65.5
69.0
70.3
71.3
70.6
72.5
74.1
75.3
70.0
66.8
70.0
67.6
63.9
69.6
75.1
65.8
61.0
64.9
67.9
66.0
69.8
70.8
72.5
71.0
75.1
73.6
75.5
75.3
67.5
67.5
71.0
75.2
78.6
78.9
78.5
78.5
78.3
77.7
77.7
79.1
79.4
80.2
79.4
81.7
82.1
84.7
83.6
84.6
79.1
81.4
78.9
80.6
78.4
72.9
76.2
77.9
81.1
82.0
80.9
79.9
79.1
75.5
81.6
81.4
81.2
81.4
82.8
77.9
77.1
77.8
75.8
75.0
75.1
79.0
75.2
74.4
78.2
86.2
81.0
81.5
81.3
82.6
83.4
82.9
82.4
78.3
78.0
79.3
80.7
81.7
80.3
82.0
82.5
83.5
80.3
79.1
80.4
82.8
82.4
81.7
83.0
77.2
78.3
81.7
83.6
77.8
83.4
85.0
84.6
85.2
84.8
84.9
85.2
80.8
81.0
81.8
83.1
80.9
77.1
74.2
75.7
76.3
76.4
75.8
77.3
83.8
84.4
80.5
77.5
82.4
83.8
85.3
85.8
85.2
82.9
79.5
79.9
77.3
74.6
74.6
74.1
77.9
80.0
80.2
78.1
76.9
75.4
77.4
81.0
80.6
78.1
77.2
79.9
82.6
82.9
81.7
81.3
78.6
76.8
78.0
77.5
78.2
74.6
77.3
75.8
76.0
73.0
72.4
77.9
75.2
74.7
75.5
70.2
72.0
72.7
73.5
72.9
72.1
68.3
67.6
67.8
64.6
64.6
69.2
77.1
81.3
80.4
80.2
80.2
80.4
75.4
75.4
75.2
74.5
76.5
78.6
77.3
76.1
75.4
69.6
59.7
55.6
52.6
53.8
58.7
59.9
62.2
62.4
66.4
61.9
49.9
52.3
52.3
58.9
68.2
67.0
61.7
61.6
63.9
65.2
64.7
67.7
56.5
48.4
56.0
63.3
51.6
70.0
49.0
39.8
49.2
47.1
51.7
60.1
64.5
60.2
50.3
59.6
59.4
52.7
58.6
54.8
44.3
35.0
49.7
49.2
46.3
51.1
49.7
58.6
46.2
33.2
30.9
35.6
39.1
42.6
54.8
58.2
63.7
66.9
68.6
68.5
72.1
72.0
66.8
39.2
41.0
47.4
58.4
67.3
68.1
69.0
58.2
43.2
40.7
40.5
37.9
46.0
53.6
55.7
58.2
60.1
40.9
41.9
56.7
61.9
55.8
46.0
48.3
47.4
44.2
43.9
42.9
45.0
43.6
49.2
58.8
58.8
53.1
53.0
47.7
49.6
53.9
67.6
63.9
61.8
63.3
55.4
52.9
55.6
66.5
66.3
65.3
67.8
58.1
49.8
49.6
51.1
55.5
52.5
53.2
51.4
54.9
58.2
58.9
65.4
58.8
59.4
57.5
63.0
60.6
68.9
56.5
51.8
48.2
47.0
54.9
66.2
60.4
67.0
65.7
57.1
62.4
71.0
63.0
52.7
54.3
63.5
73.3
66.6
63.8
57.7
56.7
64.9
70.8
67.6
68.7
64.4
67.5
72.0
71.6
62.6
69.0
64.3
64.4
63.2
66.0
68.8
71.6
73.3
73.3
75.5
68.5
59.5
63.6
68.7
65.6
75.3
77.6
64.9
58.8
61.0
63.3
66.6
67.9
70.4
72.4
69.0
69.4
76.7
76.8
75.6
76.7
74.7
74.2
71.5
68.3
76.5
77.7
78.8
80.4
83.1
80.5
81.1
81.0
78.3
77.4
78.1
76.1
75.3
77.1
78.0
78.0
80.1
82.5
82.3
82.4
83.4
83.8
83.5
83.5
82.1
82.5
81.6
83.7
83.8
85.4
84.6
85.2
84.6
85.2
80.4
80.2
81.6
81.7
81.5
82.4
82.6
83.4
85.6
86.4
88.1
87.3
89.0
88.8
85.6
87.5
87.0
81.0
83.7
84.0
86.2
84.1
85.7
83.6
77.6
78.8
79.4
82.2
82.7
82.3
81.9
82.6
83.6
82.2
82.3
83.6
84.3
81.4
80.2
80.6
82.6
81.4
81.5
85.0
85.1
77.7
80.1
83.0
83.8
77.9
79.6
80.5
83.9
82.9
86.3
84.4
84.5
83.5
86.0
85.6
83.1
86.1
85.5
86.2
86.4
86.5
86.7
88.6
84.7
85.6
85.7
83.2
85.3
84.3
80.7
82.1
82.5
80.4
80.6
79.0
81.4
79.6
77.2
79.2
82.1
83.8
86.5
86.2
84.2
86.2
84.2
82.6
85.5
84.6
86.4
90.3
87.9
90.0
87.6
87.6
80.6
76.4
82.7
82.1
83.5
78.9
79.4
77.5
57.9
65.4
64.0
69.3
69.7
71.7
75.4
76.0
71.5
70.0
70.9
73.3
73.1
76.2
72.7
65.5
61.2
55.5
50.1
52.7
61.7
57.7
58.7
65.0
70.1
59.8
55.2
59.7
66.1
74.1
73.8
76.0
77.4
77.4
71.9
67.8
75.4
76.9
75.8
72.7
51.2
42.1
52.2
55.6
56.4
48.4
52.6
56.9
63.0
64.5
65.9
68.6
59.4
43.9
48.5
57.7
47.9
68.5
59.6
46.8
38.5
44.5
27.9
32.9
50.4
52.2
55.0
50.3
63.5
49.0
42.8
43.9
47.7
44.5
48.4
46.5
41.2
50.1
62.1
58.8
53.2
63.8
61.4
51.4
64.7
50.6
69.7
65.9
58.4
61.0
58.2
53.4
51.2
60.9
62.7
55.5
44.4
62.8
60.0
46.1
58.5
64.9
54.4
49.6
63.0
64.0
55.6
50.8
52.2
49.6
50.5
55.7
54.9
66.2
59.1
60.8
49.0
60.8
62.3
57.8
51.7
46.9
60.8
48.2
50.0
50.9
58.7
46.3
42.9
46.7
51.2
64.9
72.4
53.8
39.1
31.9
38.0
45.5
57.9
57.0
53.3
56.3
55.3
53.1
64.8
68.2
69.3
67.5
62.2
70.4
70.4
70.0
73.1
73.1
61.8
76.9
77.6
73.0
60.2
58.6
67.6
66.1
64.3
66.6
67.3
57.3
51.2
49.2
45.8
48.7
54.9
65.7
64.0
63.1
72.8
73.9
77.7
77.2
75.4
73.6
76.4
76.0
79.6
68.2
63.2
68.0
69.9
72.7
75.5
72.9
77.7
78.5
82.5
81.8
81.9
76.6
70.3
71.5
76.2
76.8
76.2
65.5
64.3
74.3
74.0
70.2
73.0
78.9
77.8
78.6
76.2
73.3
72.8
73.0
81.3
80.9
71.1
67.9
73.3
78.1
70.8
68.6
70.1
72.4
77.5
79.3
77.1
80.4
81.0
82.0
83.1
82.8
83.8
80.1
78.5
77.0
73.4
73.3
75.8
78.6
80.5
81.4
80.9
82.3
82.6
83.5
83.5
82.6
83.5
84.4
87.4
85.1
84.7
81.3
80.6
82.5
79.9
80.4
82.7
82.3
81.0
81.2
83.5
76.7
78.7
80.7
81.8
79.0
75.7
78.2
79.4
78.2
81.1
80.7
81.9
82.1
83.6
85.4
84.0
85.3
84.2
84.4
85.5
87.8
87.8
85.5
85.2
84.5
86.2
85.5
83.8
82.7
81.1
83.3
85.9
86.3
86.4
86.9
86.6
85.1
85.8
85.7
84.8
84.7
81.1
83.4
86.1
87.2
87.0
86.7
87.4
86.8
86.9
88.2
88.3
89.3
85.7
85.6
86.8
86.7
88.3
86.8
88.3
89.2
87.9
86.5
82.1
82.4
82.9
86.6
86.5
85.6
80.9
74.6
75.9
76.7
77.4
76.0
79.3
79.3
78.6
77.7
78.0
84.1
86.3
83.8
76.5
73.3
72.9
76.6
85.3
86.0
74.8
71.2
72.3
74.7
78.8
75.3
79.6
79.2
79.0
78.8
77.5
78.0
79.9
77.3
73.0
72.9
74.1
70.1
75.7
66.2
71.8
75.2
77.0
74.4
77.4
64.1
58.4
68.9
61.9
58.3
60.2
70.1
76.8
70.5
62.8
63.3
66.5
72.2
59.8
57.7
51.9
57.1
66.1
69.5
61.1
65.5
74.0
78.6
60.7
52.2
67.1
70.3
66.2
54.5
51.9
55.5
56.2
51.5
47.9
53.1
58.0
60.2
60.7
65.5
69.4
69.8
73.3
42.4
40.7
44.0
45.5
40.1
43.0
60.7
56.2
39.1
44.0
49.5
59.2
58.8
49.0
55.1
61.4
66.4
69.5
69.0
67.1
62.9
51.8
47.9
41.9
45.9
46.5
41.7
43.5
57.5
67.2
53.2
47.9
44.5
40.6
49.8
51.1
57.6
51.0
50.5
46.0
45.7
46.1
60.8
66.7
56.4
38.4
34.7
30.0
30.5
33.7
41.2
39.4
43.9
43.5
41.9
43.3
47.0
44.9
57.0
45.1
37.8
50.2
42.7
48.2
42.6
36.9
45.2
48.6
51.0
57.5
57.2
46.9
44.8
46.8
53.1
53.2
37.6
34.2
33.6
48.1
50.6
52.6
63.3
63.4
57.2
65.1
70.1
56.9
61.0
60.4
69.8
68.2
52.2
50.1
45.5
47.1
49.5
56.7
59.7
64.0
67.0
64.7
65.4
65.0
58.9
59.8
61.8
55.5
66.0
69.3
69.3
71.4
69.2
69.7
70.9
69.5
67.8
66.3
72.0
72.4
70.6
67.8
62.9
71.0
73.1
67.2
59.8
58.7
44.8
39.3
50.2
59.7
66.6
60.8
72.5
60.3
53.8
55.0
62.7
62.5
61.2
68.0
66.7
68.3
70.5
73.0
71.5
64.7
66.0
69.8
73.8
70.0
72.2
73.3
74.6
74.9
76.7
78.2
78.4
75.6
74.7
70.6
71.4
72.7
74.5
75.5
73.8
73.4
68.2
69.9
70.8
71.5
71.1
72.9
77.1
78.0
69.7
71.7
73.0
71.6
74.8
78.4
77.4
78.7
77.9
79.1
75.0
75.7
75.3
81.5
83.6
82.8
82.0
80.5
80.4
80.9
81.4
76.4
76.8
76.9
81.1
84.9
78.0
75.5
75.6
74.4
75.5
76.7
80.7
81.1
76.9
78.2
80.3
77.3
77.0
75.9
73.7
75.8
78.5
76.6
78.6
81.2
83.0
81.0
82.3
82.0
79.5
80.2
78.7
76.5
74.3
75.9
74.7
77.1
77.7
80.5
76.6
72.9
73.5
76.0
79.5
80.5
80.7
81.5
82.1
80.5
78.7
81.7
81.1
83.1
82.8
83.7
81.7
82.0
84.1
86.0
86.6
84.1
84.6
79.7
79.8
83.0
82.8
81.6
79.4
81.4
82.8
82.0
81.3
80.2
81.1
80.1
79.0
78.9
78.0
75.7
75.1
72.9
79.8
81.1
82.4
81.7
81.7
80.6
76.6
75.4
76.7
77.4
77.7
76.8
76.8
78.3
78.8
79.1
74.3
75.7
74.8
74.9
76.4
79.0
80.3
78.7
76.7
78.4
78.7
78.4
76.5
74.3
75.8
79.6
78.3
79.8
77.5
76.5
72.7
70.5
71.1
75.9
79.0
68.7
73.8
79.8
66.6
67.0
72.3
64.0
57.8
61.6
58.6
53.4
55.3
58.2
58.5
56.5
58.8
61.6
59.3
63.6
64.7
65.6
62.7
60.0
60.4
69.3
71.7
69.5
71.2
70.5
70.1
61.3
49.6
59.1
67.0
66.0
69.7
73.5
46.9
43.4
44.2
40.7
45.4
45.2
48.9
53.5
53.6
67.9
73.6
53.9
44.1
53.4
54.6
69.0
72.5
72.8
43.1
60.0
52.7
46.3
53.0
55.4
40.4
38.5
55.4
56.5
65.9
52.1
59.7
40.0
37.7
43.4
53.6
38.6
53.2
39.4
45.1
48.1
47.2
34.8
33.3
41.6
63.5
64.8
70.2
70.5
48.2
55.9
45.3
49.4
48.7
41.8
49.4
48.0
41.8
37.4
38.5
33.1
48.9
52.0
35.5
39.5
40.8
46.0
49.4
55.8
67.5
44.0
55.5
41.9
53.0
67.4
71.9
72.5
50.8
44.5
48.7
56.8
57.5
64.6
63.6
47.0
55.5
66.2
46.2
50.9
50.6
47.2
59.4
67.3
51.4
50.7
66.1
59.6
62.5
44.3
51.8
64.3
66.0
68.1
61.5
46.3
54.6
53.4
44.1
43.0
50.9
58.1
53.7
54.0
62.7
74.2
70.4
61.7
70.1
71.2
54.5
52.5
57.5
59.9
61.6
55.1
58.3
69.2
70.6
68.9
60.0
71.1
73.3
72.5
65.7
73.3
68.1
57.0
64.0
72.2
76.7
73.2
73.3
68.4
60.7
56.8
53.6
55.5
63.2
70.2
64.2
60.9
63.5
74.6
77.5
77.6
76.7
75.3
70.3
65.2
60.0
60.8
65.5
74.2
77.6
65.1
64.0
69.5
73.0
76.2
72.9
78.8
80.9
76.5
66.0
77.0
78.2
73.6
70.2
68.7
71.5
74.8
80.6
82.1
82.8
85.3
84.8
85.6
84.9
84.7
77.7
80.0
80.3
82.5
83.8
84.4
85.2
84.2
84.8
83.5
85.5
85.4
85.5
85.0
80.7
84.9
85.3
84.8
85.5
85.8
86.0
85.0
85.8
83.4
79.4
81.7
81.8
83.8
84.4
85.8
86.5
85.0
84.0
82.5
81.9
77.1
77.9
79.3
78.8
78.3
81.3
77.3
80.5
82.2
84.4
83.7
84.0
85.8
83.2
84.7
82.3
84.7
83.0
84.9
87.2
86.0
85.1
79.6
81.5
84.6
84.7
86.2
85.9
85.4
87.4
87.2
87.8
88.3
86.7
85.3
83.5
86.5
86.6
87.2
87.9
86.5
83.7
84.2
84.9
85.0
81.3
77.8
75.9
79.1
82.3
83.4
79.5
82.7
79.8
78.8
81.0
82.4
81.8
82.7
81.7
82.3
85.7
85.7
80.8
80.0
78.6
77.3
81.5
82.6
83.8
82.9
83.8
85.7
83.9
74.0
69.5
67.5
71.3
71.9
73.0
74.4
75.1
75.3
76.0
72.8
71.9
72.5
71.1
71.8
72.6
71.1
74.1
76.3
72.9
77.5
76.5
65.7
66.7
69.5
74.4
76.4
79.1
76.4
73.7
66.4
63.1
64.4
62.7
66.0
66.1
69.0
62.5
56.4
63.9
69.3
67.0
51.4
54.3
65.8
69.9
67.5
68.1
67.8
70.0
76.6
73.5
57.8
54.2
54.0
69.0
73.8
67.1
63.4
67.4
58.4
45.2
49.2
51.2
52.5
56.9
50.2
51.9
62.6
67.4
48.8
52.8
60.8
67.2
54.8
52.8
54.9
45.4
66.8
48.1
42.3
40.8
46.4
58.8
70.7
40.0
44.8
44.0
51.8
66.9
49.8
31.9
40.6
52.5
68.4
68.8
47.5
34.3
38.2
57.3
54.0
71.8
72.2
47.9
43.1
46.3
53.2
47.4
52.5
67.0
56.8
41.1
46.6
50.8
54.8
66.8
60.3
46.7
40.2
46.5
41.2
41.1
42.7
52.5
59.4
58.0
49.7
44.8
56.9
66.7
51.6
42.8
56.6
57.3
36.2
36.6
44.2
46.9
56.5
55.5
45.8
50.4
52.3
63.3
67.9
64.3
65.8
68.4
63.1
54.0
67.4
55.7
56.4
55.2
57.0
68.9
58.9
48.7
56.1
47.3
45.6
60.4
69.6
74.2
74.8
59.4
47.2
45.4
52.4
61.3
69.6
72.8
72.3
74.8
75.0
73.8
60.5
43.9
42.1
44.5
51.5
56.4
63.7
65.7
67.5
64.0
64.6
71.1
71.8
71.5
66.9
59.3
63.8
52.7
51.9
65.7
67.8
55.6
67.1
57.1
67.0
69.1
56.0
51.4
63.6
69.0
62.5
68.1
62.7
59.7
65.8
69.0
66.0
67.2
69.2
66.4
71.2
76.0
74.7
73.3
76.3
76.4
70.7
68.5
76.3
76.9
78.0
78.0
75.5
69.0
77.2
80.0
80.8
81.9
80.8
79.5
81.1
81.1
81.7
80.5
80.2
73.8
66.8
65.7
65.1
68.1
68.8
75.3
73.3
71.5
74.2
79.2
76.6
76.8
78.2
79.4
77.9
76.9
79.8
80.1
77.9
74.3
79.0
79.1
81.8
81.0
85.5
85.1
82.4
85.7
85.4
86.3
86.8
86.8
86.1
85.8
86.8
87.1
86.4
87.4
88.8
90.9
88.7
89.4
90.1
89.9
84.3
81.9
85.6
87.4
90.3
88.1
86.5
86.9
88.6
89.5
89.2
87.5
88.0
89.5
89.1
87.5
88.8
89.4
86.2
86.9
87.6
84.6
88.0
81.6
85.7
86.5
88.6
89.2
89.3
87.7
85.7
85.2
86.6
87.1
84.9
87.6
88.2
89.5
89.7
88.3
87.9
87.3
88.2
87.9
80.7
84.9
86.2
86.7
87.2
86.8
86.5
88.1
88.4
86.3
86.4
88.2
87.6
87.5
85.1
81.1
82.6
80.9
79.0
78.4
80.5
85.1
82.3
77.5
79.3
81.3
81.4
78.6
75.8
74.4
73.1
74.7
74.8
76.6
76.0
76.5
76.9
77.2
78.6
82.0
72.7
64.6
61.5
67.8
74.4
78.2
79.8
72.4
73.6
81.2
75.5
67.2
75.3
72.4
81.1
73.8
82.8
70.7
56.3
56.5
60.0
72.1
79.5
79.4
65.8
62.1
60.1
62.9
66.2
73.8
67.5
57.6
57.4
65.6
63.8
56.7
58.2
76.7
60.6
53.9
55.2
56.0
58.9
58.2
59.3
58.3
63.1
63.1
67.5
67.6
63.7
59.3
59.3
62.9
66.5
62.0
49.0
48.7
55.1
65.4
56.9
53.5
55.7
60.0
49.7
48.2
48.3
55.8
66.5
51.7
47.7
45.0
43.1
40.0
32.1
40.6
51.3
47.4
44.8
37.2
44.1
46.1
52.6
55.8
52.5
42.8
47.0
45.9
48.1
42.5
47.2
59.8
66.9
51.0
38.8
37.3
41.0
40.3
39.0
45.0
49.2
45.6
37.4
44.1
41.6
34.2
41.1
43.8
28.8
23.1
28.1
32.3
45.6
47.0
53.0
53.7
49.7
48.6
50.0
62.7
66.4
59.6
53.3
65.1
56.8
46.9
49.0
58.0
63.9
51.9
36.3
33.2
37.8
47.0
48.7
47.3
48.3
45.0
45.2
54.8
43.2
36.1
38.4
39.1
38.9
46.6
41.9
40.3
40.1
42.9
53.4
58.3
64.4
50.6
38.7
40.2
40.7
51.1
48.4
48.2
54.0
47.3
47.1
51.3
55.3
58.8
59.3
62.4
66.7
64.6
57.4
57.6
57.1
56.7
59.9
56.2
57.1
54.1
55.9
54.9
44.6
51.1
55.0
63.4
58.5
54.9
63.4
61.0
55.6
60.9
66.8
69.2
71.2
64.3
70.9
74.3
72.8
70.1
60.2
54.1
62.4
65.2
66.3
65.9
69.0
69.1
67.8
68.1
64.1
60.4
63.9
64.4
68.9
74.9
71.1
68.2
67.6
66.1
62.2
71.7
77.6
75.3
71.5
68.5
68.8
72.5
75.8
80.6
75.1
71.4
78.3
80.3
80.2
78.6
75.2
70.7
73.7
77.0
74.5
77.0
79.4
81.0
81.9
82.7
80.8
77.6
77.0
73.8
80.7
81.1
81.5
80.2
79.6
81.4
70.9
70.7
80.3
84.7
84.6
81.6
77.1
83.9
84.0
84.8
85.7
84.9
84.1
84.0
83.5
85.1
84.2
84.8
83.3
84.1
84.6
81.6
83.7
85.1
84.8
86.0
82.1
79.2
79.7
79.5
81.9
84.5
83.1
84.0
84.7
80.7
79.9
81.4
83.7
84.4
84.8
86.0
85.3
84.4
84.4
85.2
82.7
83.0
82.9
82.9
83.9
82.4
82.7
81.3
80.2
79.1
77.1
84.4
83.8
83.4
84.3
84.3
86.2
85.8
87.5
87.1
86.8
83.9
87.5
86.6
85.3
86.8
88.2
88.6
89.0
84.4
88.5
86.8
87.5
86.9
88.7
83.2
89.5
85.0
85.2
83.2
78.9
81.8
86.8
87.0
85.6
86.0
79.2
80.5
80.8
81.7
78.3
80.7
83.9
83.1
84.4
83.6
83.5
83.1
83.4
80.8
79.9
77.4
77.8
74.2
75.1
76.8
79.6
80.5
79.4
77.6
66.4
64.6
70.3
70.1
72.9
70.2
66.7
63.4
60.0
60.7
61.4
64.0
64.5
68.3
72.5
73.8
69.4
67.9
59.7
62.1
66.2
73.3
70.4
71.9
72.2
74.9
75.7
74.9
77.1
77.1
66.5
71.9
58.3
52.4
62.5
73.0
64.1
55.9
61.2
52.8
48.7
50.5
58.5
61.3
65.7
66.6
73.4
58.5
51.8
54.7
56.0
55.2
56.3
46.8
56.2
73.0
74.6
75.4
76.4
72.2
47.6
40.3
50.6
68.4
57.7
43.5
47.1
53.3
65.7
53.0
41.5
40.5
51.4
41.8
51.0
59.8
51.0
41.1
48.6
62.7
59.4
47.5
44.5
42.9
59.2
68.1
59.8
57.7
59.1
43.1
36.6
35.4
53.5
64.0
60.6
65.7
53.7
40.3
42.2
53.0
60.0
48.8
49.1
51.2
48.0
39.6
37.3
31.7
35.7
40.2
46.8
48.2
52.1
54.1
47.1
51.4
35.5
40.0
44.0
48.3
48.1
43.4
46.6
52.0
57.4
69.2
60.1
48.5
22.1
23.5
27.3
37.1
51.3
49.9
40.9
40.3
28.8
32.9
39.4
48.4
54.2
66.4
66.5
69.1
69.2
65.3
69.7
69.6
60.3
64.2
70.2
60.0
56.8
71.8
68.8
54.6
53.3
56.9
65.4
60.8
48.5
57.3
71.1
64.1
53.9
52.7
65.3
68.0
65.6
54.7
66.9
71.7
73.8
73.7
71.8
72.3
72.7
72.9
69.5
73.3
75.2
67.7
57.3
62.3
57.4
56.6
69.9
74.6
74.5
71.9
56.5
63.4
71.5
78.6
78.4
78.2
75.2
64.5
66.1
75.5
75.1
61.7
63.7
78.2
80.7
81.0
80.3
80.7
80.6
79.7
79.8
81.0
80.6
67.9
67.6
78.4
81.5
53.5
57.1
59.8
67.4
70.8
77.6
81.5
82.9
81.6
80.1
74.5
71.0
70.2
66.1
72.3
70.8
76.2
76.8
81.5
76.6
83.1
82.5
83.9
85.4
82.7
80.7
85.0
84.0
84.7
84.8
83.2
81.5
83.9
82.1
81.8
83.4
84.4
83.7
83.4
84.0
84.4
84.7
86.2
86.7
88.0
87.5
88.8
88.8
88.9
87.0
87.3
79.5
83.6
84.2
85.0
86.4
87.9
87.0
84.5
85.2
83.9
84.5
86.2
85.5
84.3
86.6
84.4
86.4
86.3
86.2
85.6
86.6
86.6
86.7
88.6
87.4
85.3
87.1
85.7
83.9
86.1
86.7
86.9
87.2
88.2
89.1
88.5
88.4
88.1
84.7
86.0
87.9
91.0
90.2
90.1
89.6
88.7
89.1
89.3
88.6
88.4
89.2
89.0
87.3
88.1
88.8
88.1
87.5
88.1
89.8
90.7
86.9
88.5
89.3
89.2
85.0
83.9
90.7
91.4
94.5
88.7
87.6
85.3
88.4
88.3
88.2
85.0
71.4
72.2
75.8
74.7
76.9
78.9
84.2
87.1
85.9
82.8
82.2
77.9
76.7
81.2
75.8
77.6
81.7
77.4
75.2
85.4
83.3
85.6
80.0
83.7
78.5
72.2
67.7
69.4
68.0
72.4
77.0
82.3
78.9
68.8
68.7
70.3
75.3
76.6
66.6
68.0
70.6
71.1
70.0
61.6
57.4
64.3
72.4
72.4
72.5
72.7
73.4
70.7
56.8
51.0
54.9
58.8
62.6
71.0
58.4
45.1
52.2
73.0
75.4
72.1
56.6
55.4
46.7
62.0
71.6
75.5
72.1
65.7
56.8
49.9
71.7
77.7
76.4
68.8
57.0
55.5
61.6
64.1
51.0
43.0
46.4
48.0
48.1
60.6
62.6
57.1
44.2
37.4
35.0
37.0
45.4
50.7
48.6
52.2
60.8
70.0
64.2
50.9
51.6
55.2
62.1
56.3
47.2
52.3
45.2
43.6
42.9
48.2
45.4
44.2
50.4
52.4
53.5
55.9
48.2
41.0
48.9
54.8
61.2
59.7
52.5
54.0
47.7
49.2
48.4
40.2
43.9
45.2
65.0
68.2
46.1
57.1
61.9
54.6
56.7
54.4
52.7
61.8
55.0
50.7
52.9
44.4
49.1
62.8
64.6
61.1
70.0
61.3
48.2
44.2
51.3
49.2
45.7
54.1
44.9
36.5
44.8
52.3
64.0
54.6
53.8
56.2
50.8
53.0
61.0
68.8
69.4
59.3
47.2
47.7
61.9
67.2
70.1
62.1
72.7
59.0
51.8
55.0
61.8
67.1
72.0
46.4
46.7
56.8
56.8
68.8
71.9
72.0
72.5
71.7
71.1
73.0
63.8
60.0
62.3
61.1
62.0
64.6
66.0
65.8
69.2
69.5
73.5
73.9
75.3
75.4
77.3
67.0
71.1
70.4
73.6
71.1
70.0
69.0
69.2
74.5
73.4
76.0
74.5
63.6
67.3
65.1
64.0
68.9
65.1
65.4
70.1
67.0
75.4
77.5
77.0
77.7
77.7
77.7
77.0
77.9
79.1
80.1
82.1
79.0
79.8
70.0
69.8
71.3
69.4
72.0
72.4
72.5
67.6
69.0
72.7
73.7
77.5
75.8
76.9
74.5
77.7
80.6
81.4
82.3
80.3
80.3
82.2
81.9
82.4
77.9
81.1
82.2
81.2
82.9
83.2
82.1
77.1
77.9
82.9
86.8
85.3
76.9
84.5
84.4
83.8
82.5
82.9
82.5
81.3
80.8
81.7
83.9
81.9
87.2
88.0
89.6
86.7
85.3
81.7
78.5
83.1
83.1
84.5
84.6
84.2
86.7
84.3
83.7
77.1
77.4
80.6
81.4
80.2
81.8
77.3
80.8
81.6
80.9
83.9
85.6
83.6
84.0
83.0
84.8
84.4
84.3
83.9
85.0
84.9
86.3
86.5
85.8
85.3
86.0
84.2
81.9
86.5
86.1
86.8
88.0
85.1
87.4
88.0
88.0
87.2
86.1
86.8
84.9
76.1
80.6
80.0
78.2
79.1
81.9
84.7
83.5
82.1
84.0
85.7
87.2
82.9
84.8
83.9
82.7
86.4
85.8
85.4
85.3
81.9
74.8
71.6
75.9
82.1
80.5
70.0
71.2
70.3
72.1
73.7
72.7
71.7
72.9
73.1
75.6
78.3
78.3
79.6
76.4
77.2
75.2
71.9
69.3
70.0
66.8
74.4
77.3
67.8
56.0
56.6
65.7
74.5
75.8
76.5
77.2
78.7
67.8
65.8
71.1
71.0
62.3
64.2
80.3
78.8
75.4
73.8
76.4
61.2
52.8
53.6
50.0
53.6
63.5
66.9
68.9
69.6
60.8
67.7
63.7
60.8
62.3
71.2
71.7
74.8
58.2
45.8
55.4
48.6
57.7
47.8
51.8
56.1
62.4
63.4
60.9
60.2
56.0
52.6
68.5
58.1
46.3
50.1
67.1
71.3
72.3
70.8
67.0
60.5
55.6
63.5
68.2
73.1
51.8
38.6
39.0
42.4
61.6
69.1
58.3
57.4
53.4
70.9
58.5
39.8
44.9
63.8
55.1
58.1
34.5
33.0
48.9
39.3
35.1
49.8
51.9
39.8
38.5
42.2
44.9
40.5
38.7
49.6
55.2
54.2
52.8
69.7
49.8
39.5
38.7
39.9
44.0
44.1
46.4
50.7
52.9
53.4
57.9
62.0
67.7
56.9
62.8
71.9
74.3
55.8
46.5
52.2
55.7
57.1
62.9
60.0
62.6
66.2
61.3
56.2
68.0
55.4
56.1
53.7
48.9
50.4
48.1
51.6
66.9
57.5
56.9
67.6
50.7
52.0
50.9
61.9
51.1
51.6
49.9
46.5
49.6
48.7
64.9
62.0
46.8
51.5
61.4
66.3
64.4
51.2
52.8
58.2
60.1
63.8
67.0
71.4
75.1
64.7
63.5
59.9
71.1
60.0
56.5
45.5
42.4
50.6
62.5
66.0
71.1
71.4
68.2
69.0
56.6
51.9
51.8
63.1
70.1
71.1
74.7
64.4
53.0
58.4
63.5
67.5
72.6
76.7
77.3
68.2
56.6
53.4
61.5
66.6
71.2
53.6
60.5
68.4
74.5
72.6
73.1
68.4
74.2
64.6
54.5
59.0
62.1
60.8
54.9
72.7
73.8
71.6
70.9
67.5
66.5
71.5
76.0
78.7
81.4
81.3
81.1
80.9
81.5
74.9
81.3
77.9
72.7
77.1
74.1
80.4
79.7
81.1
82.5
83.9
79.8
76.4
79.2
80.0
81.3
78.3
75.2
80.5
80.5
82.2
81.4
82.2
81.4
83.2
84.3
86.5
84.2
85.0
85.6
85.9
86.0
83.8
